
// all
0) 41.01258198993915
1) 49.590936335853414
2) 48.31691797872628
3) 43.024163753252274
4) 52.50456484900384
5) 62.16534310005108
6) 54.11483745439923
7) 58.1884934546278
8) 77.86829211345699
9) 55.60635184184563

// combined
0) 40.69728919901359
1) 49.17281820274287
2) 48.15991248300157
3) 41.69252670843221
4) 59.87015179016072
5) 68.79882356518242
6) 54.92312388272391
7) 62.164660715522665
8) 76.8805135692177
9) 61.61883712613554

// new 
0) 40.69728919901359
1) 49.138308545031
2) 48.213617870350156
3) 42.531324730524595
4) 53.46116688923961
5) 60.87612432278203
6) 54.83671947216696
7) 62.164660715522665
8) 77.10695007585244
9) 55.72079881368815

// last good submission
0) 46.9909931480176
1) 52.100703929985436
2) 51.531095394844776
3) 44.53768067602982
4) 56.96556263773022
5) 66.33592534686458
6) 58.57609222410551
7) 63.75052362907754
8) 81.37923598805779
9) 61.815564003726664
