570875
570875
570875
570875
570875
570875
570875
570875
570875
570875
570875
570875
570875
570875
570875
570875
570875
570875
570875
570875
570875
570875
570875
570875
570875
570875
570875
570875
570875
570875
570875
570875
570875
570875
570152
569529
569529
569529
569529
569529
569529
569529
569529
569529
569529
569529
569529
569529
569529
569529
569529
569529
569529
569529
567004
567004
567004
567004
567004
567004
567004
567004
567004
567004
567422
567422
567422
567422
567422
567422
567422
567422
567422
567422
567422
567422
567422
569423
569423
569423
569423
569423
569423
569423
569423
569423
569423
569423
569423
569423
569423
569423
569423
569423
569423
569423
569423
569786
569786
569786
569786
569786
574265
574265
574265
574265
574265
574265
574265
574265
574265
575224
575224
575224
575224
573826
573826
573826
573826
573826
573826
573826
573826
574338
574338
574338
574338
574338
574338
574338
574338
574338
575736
575736
575736
575736
575736
575736
575736
575736
588313
588313
591425
591425
591425
591425
591425
591425
591425
591425
591425
591425
591425
587300
587300
587300
587300
587300
587300
591425
591425
591279
591279
591279
591279
591247
591247
591247
591247
591247
591247
591247
591247
591247
591247
591375
591375
591375
591375
591375
591375
591375
591375
591375
591375
591375
591375
591375
591375
591375
591375
591375
586105
586105
586105
586105
586105
606767
606767
606767
606767
607529
607529
607529
607529
607529
607529
607212
607212
607212
607212
607212
607212
607212
607212
607212
607212
607212
607212
607212
607212
607212
607212
607212
607212
607212
607212
607212
607212
607212
607212
gain: 124
Score = 76.8805135692177
