89762, 17448, 19033, 161358, 128063, 53431, 64329, 130424, 64026, 164202, 163661, 159102, 20890, 38824, 69108, 146749, 152274, 145149, 71152, 148353, 19954, 24114, 124073, 39577, 141229, 29728, 168143, 49140, 42207, 1498, 44644, 13288, 61338, 6002, 150153, 109012, 41212, 167543, 105902, 72648, 46168, 83964, 5892, 47440, 32956, 121808, 83443, 165044, 119340, 86711, 166604, 87700, 106434, 158121, 127386, 36652, 85319, 129715, 117060, 104015, 137728, 144791, 15168, 3728, 
186391
89762, 17448, 19033, 161358, 128063, 53431, 64329, 130424, 64026, 164202, 163661, 159102, 20890, 38824, 69108, 146749, 152274, 145149, 71152, 148353, 24114, 19954, 124073, 39577, 141229, 29728, 168143, 49140, 42207, 1498, 44644, 13288, 61338, 6002, 150153, 109012, 41212, 167543, 105902, 72648, 46168, 83964, 5892, 47440, 32956, 121808, 83443, 165044, 119340, 86711, 166604, 87700, 106434, 158121, 127386, 36652, 85319, 129715, 117060, 104015, 137728, 144791, 15168, 3728, 
186391
89762, 17448, 161358, 19033, 53431, 128063, 64329, 130424, 64026, 164202, 163661, 159102, 20890, 38824, 69108, 146749, 152274, 145149, 71152, 148353, 24114, 19954, 124073, 39577, 141229, 29728, 168143, 49140, 42207, 1498, 44644, 13288, 61338, 6002, 150153, 109012, 41212, 167543, 105902, 72648, 46168, 83964, 5892, 47440, 32956, 121808, 83443, 165044, 119340, 86711, 166604, 87700, 106434, 158121, 127386, 36652, 85319, 129715, 117060, 104015, 137728, 144791, 15168, 3728, 
186391
89762, 17448, 161358, 19033, 53431, 128063, 64329, 130424, 64026, 164202, 163661, 159102, 20890, 38824, 69108, 152274, 146749, 145149, 71152, 148353, 24114, 19954, 124073, 39577, 141229, 29728, 168143, 49140, 42207, 1498, 44644, 13288, 61338, 6002, 150153, 109012, 41212, 167543, 105902, 72648, 46168, 83964, 5892, 47440, 32956, 121808, 83443, 165044, 119340, 86711, 166604, 87700, 106434, 158121, 127386, 36652, 85319, 129715, 117060, 104015, 137728, 144791, 15168, 3728, 
186391
89762, 17448, 161358, 53431, 19033, 128063, 64329, 130424, 64026, 164202, 159102, 163661, 20890, 38824, 69108, 152274, 146749, 145149, 71152, 24114, 148353, 19954, 124073, 39577, 141229, 29728, 168143, 49140, 42207, 1498, 44644, 13288, 61338, 6002, 150153, 109012, 41212, 167543, 105902, 72648, 46168, 83964, 5892, 47440, 32956, 121808, 83443, 165044, 119340, 86711, 166604, 87700, 106434, 158121, 127386, 36652, 85319, 129715, 117060, 104015, 137728, 144791, 15168, 3728, 
186391
89762, 17448, 161358, 53431, 19033, 128063, 64329, 130424, 64026, 164202, 159102, 163661, 20890, 38824, 152274, 69108, 146749, 145149, 71152, 24114, 148353, 124073, 19954, 39577, 141229, 29728, 168143, 49140, 42207, 1498, 44644, 13288, 6002, 61338, 150153, 109012, 41212, 167543, 105902, 72648, 46168, 83964, 5892, 47440, 32956, 121808, 83443, 165044, 119340, 86711, 166604, 87700, 106434, 158121, 127386, 36652, 85319, 129715, 117060, 104015, 137728, 144791, 15168, 3728, 
186391
89762, 17448, 53431, 161358, 19033, 128063, 64329, 130424, 42639, 164202, 159102, 163661, 20890, 38824, 152274, 69108, 146749, 145149, 24114, 71152, 148353, 124073, 19954, 39577, 141229, 29728, 168143, 49140, 1498, 44644, 13288, 6002, 61338, 150153, 109012, 41212, 167543, 105902, 72648, 46168, 83964, 5892, 47440, 32956, 121808, 83443, 165044, 119340, 86711, 166604, 87700, 106434, 158121, 127386, 36652, 85319, 129715, 117060, 104015, 137728, 14052, 144791, 3728, 
185216
89762, 53431, 161358, 17448, 19033, 128063, 64329, 130424, 42639, 164202, 159102, 163661, 20890, 38824, 152274, 69108, 146749, 145149, 24114, 71152, 148353, 124073, 19954, 39577, 141229, 29728, 168143, 49140, 1498, 44644, 13288, 6002, 61338, 150153, 109012, 41212, 167543, 105902, 72648, 46168, 83964, 5892, 47440, 32956, 121808, 83443, 165044, 119340, 86711, 166604, 87700, 106434, 158121, 127386, 36652, 85319, 129715, 117060, 104015, 137728, 14052, 144791, 3728, 
185216
89762, 53431, 161358, 17448, 19033, 128063, 64329, 130424, 42639, 164202, 159102, 163661, 20890, 38824, 152274, 69108, 146749, 24114, 145149, 71152, 148353, 124073, 19954, 39577, 141229, 29728, 168143, 49140, 1498, 44644, 13288, 6002, 61338, 150153, 109012, 41212, 167543, 105902, 72648, 46168, 83964, 5892, 47440, 32956, 121808, 83443, 165044, 119340, 86711, 166604, 87700, 106434, 158121, 127386, 36652, 85319, 129715, 117060, 104015, 137728, 14052, 144791, 3728, 
185216
89762, 53431, 161358, 17448, 19033, 128063, 64329, 130424, 42639, 164202, 159102, 163661, 20890, 38824, 152274, 69108, 146749, 24114, 145149, 71152, 148353, 124073, 19954, 39577, 141229, 29728, 168143, 49140, 1498, 44644, 13288, 6002, 61338, 150153, 109012, 41212, 167543, 105902, 72648, 46168, 83964, 5892, 47440, 32956, 121808, 83443, 165044, 119340, 86711, 166604, 87700, 106434, 158121, 127386, 15516, 85319, 129715, 117060, 104015, 137728, 144791, 3264, 
184320
89762, 53431, 161358, 17448, 19033, 128063, 64329, 130424, 42639, 164202, 159102, 163661, 20890, 152274, 38824, 26530, 146749, 145149, 148353, 19954, 39577, 61374, 141229, 168143, 1498, 23460, 6944, 125341, 44644, 13288, 150153, 9556, 41212, 167543, 109620, 105902, 46168, 83964, 10564, 5892, 32956, 121808, 165044, 119340, 86711, 166604, 87700, 106434, 83794, 123840, 127386, 15516, 85319, 129715, 117060, 137728, 105002, 143278, 157163, 3264, 
192523
89762, 53431, 161358, 17448, 19033, 128063, 64329, 130424, 42639, 164202, 159102, 163661, 20890, 152274, 38824, 26530, 146749, 145149, 148353, 19954, 39577, 61374, 141229, 168143, 1498, 23460, 6944, 125341, 44644, 13288, 150153, 9556, 41212, 167543, 109620, 105902, 46168, 83964, 10564, 5892, 32956, 121808, 165044, 119340, 86711, 166604, 87700, 83794, 106434, 123840, 127386, 15516, 85319, 129715, 117060, 137728, 105002, 143278, 157163, 3264, 
192523
89762, 53431, 161358, 17448, 19033, 128063, 64329, 130424, 42639, 164202, 159102, 163661, 20890, 152274, 26530, 38824, 146749, 145149, 148353, 19954, 39577, 61374, 141229, 168143, 1498, 23460, 6944, 125341, 44644, 13288, 150153, 9556, 41212, 167543, 109620, 105902, 46168, 83964, 10564, 5892, 32956, 121808, 165044, 86711, 119340, 166604, 87700, 83794, 106434, 123840, 127386, 15516, 85319, 129715, 117060, 137728, 105002, 143278, 157163, 3264, 
192523
89762, 53431, 161358, 17448, 19033, 128063, 64329, 130424, 42639, 164202, 159102, 163661, 20890, 26530, 152274, 38824, 146749, 145149, 148353, 19954, 39577, 61374, 141229, 168143, 1498, 23460, 6944, 125341, 44644, 13288, 150153, 41212, 8001, 167543, 109620, 105902, 46168, 83964, 5892, 120498, 32956, 165044, 86711, 166604, 87700, 106434, 83794, 127386, 15516, 85319, 129715, 117060, 143957, 104015, 137728, 156989, 3264, 
190021
89762, 53431, 161358, 17448, 19033, 128063, 64329, 130424, 42639, 164202, 159102, 166539, 20890, 26530, 152274, 38824, 146749, 145149, 148353, 19954, 39577, 61374, 141229, 1498, 23460, 6944, 125341, 44644, 13288, 150153, 41212, 8001, 109620, 105902, 163948, 46168, 83964, 5892, 165268, 120498, 32956, 86711, 87700, 83794, 106434, 127386, 15516, 85319, 117632, 129715, 143957, 104015, 137728, 156787, 3264, 
186566
89762, 53431, 161358, 17448, 19033, 128063, 64329, 130424, 42639, 164202, 159102, 166539, 26530, 20890, 152274, 38824, 146749, 145149, 148353, 19954, 39577, 61374, 141229, 1498, 23460, 6944, 125341, 44644, 13288, 150153, 41212, 8001, 109620, 105902, 163948, 46168, 83964, 5892, 165268, 120498, 32956, 86711, 87700, 106434, 83794, 127386, 15516, 85319, 117632, 129715, 143957, 104015, 137728, 156787, 3264, 
186566
89762, 53431, 161358, 17448, 19033, 128063, 64329, 130424, 42639, 164202, 159102, 166539, 26530, 20890, 152274, 38824, 146749, 145149, 148353, 19954, 39577, 61374, 141229, 1498, 23460, 6944, 125341, 44644, 13288, 150153, 41212, 8001, 109620, 105902, 163948, 46168, 83964, 5892, 165268, 120498, 32956, 86711, 87700, 106434, 83794, 127386, 15516, 85319, 117632, 129715, 143957, 104015, 137728, 156787, 3264, 
186566
89762, 53431, 161358, 17448, 19033, 128063, 64329, 130424, 42639, 164202, 159102, 166539, 26530, 20890, 152274, 38824, 146749, 145149, 148353, 19954, 39577, 61374, 141229, 1498, 23460, 6944, 125341, 44644, 13288, 150153, 41212, 8001, 109620, 105902, 163948, 46168, 83964, 5892, 165268, 120498, 32956, 86711, 87700, 83794, 106434, 127386, 15516, 85319, 117632, 129715, 143957, 104015, 137728, 156787, 3264, 
186566
89762, 53431, 161358, 17448, 19033, 128063, 64329, 130424, 42639, 163484, 159102, 166539, 26530, 152274, 20890, 38824, 146749, 145149, 148353, 19954, 39577, 61374, 141229, 1498, 23460, 6944, 125341, 44644, 13288, 150153, 41212, 8001, 109620, 105902, 165386, 46168, 83964, 5892, 127354, 120498, 32956, 86711, 87700, 165762, 83794, 106434, 15516, 85319, 118324, 129715, 143957, 104015, 137728, 156787, 3264, 
184995
89762, 53431, 161358, 17448, 19033, 128063, 64329, 42639, 130424, 163484, 159102, 26530, 166539, 152274, 20890, 38824, 146749, 145149, 148353, 19954, 39577, 61374, 141229, 1498, 23460, 6944, 125341, 44644, 13288, 150153, 41212, 8001, 109620, 105902, 165386, 46168, 83964, 5892, 127354, 120498, 32956, 86711, 87700, 165762, 83794, 106434, 15516, 85319, 118324, 129715, 143957, 104015, 137728, 156787, 3264, 
184995
89762, 53431, 161358, 17448, 19033, 128063, 64329, 42639, 130424, 163484, 159102, 26530, 166539, 152274, 20890, 38824, 146749, 145149, 148353, 19954, 39577, 61374, 141229, 1498, 23460, 6944, 125341, 44644, 13288, 150153, 41212, 8001, 109620, 105902, 165386, 46168, 83964, 5892, 127354, 120498, 32956, 86711, 87700, 165762, 106434, 83794, 15516, 85319, 118324, 129715, 143957, 104015, 137728, 156787, 3264, 
184995
89762, 53431, 161358, 17449, 128063, 64329, 42639, 130424, 163484, 159102, 26530, 166539, 152274, 20376, 20890, 38824, 146749, 145149, 148353, 39577, 61374, 141229, 1498, 23460, 6944, 125341, 44644, 13288, 150153, 14528, 41212, 8001, 109620, 105904, 165386, 46168, 83964, 5892, 120260, 32956, 121808, 124496, 86711, 87700, 165762, 106434, 83794, 36652, 85319, 118324, 129715, 104015, 137728, 156787, 144791, 3728, 
183420
89762, 53431, 161358, 17449, 128063, 64329, 42639, 130424, 163484, 159102, 26530, 166539, 152274, 20376, 20890, 38824, 146749, 145149, 148353, 39577, 61374, 141229, 1498, 23460, 6944, 125341, 44644, 13288, 150153, 14528, 41212, 8001, 109620, 105904, 165386, 46168, 83964, 5892, 120260, 32956, 121808, 124496, 86711, 87700, 165762, 83794, 106434, 36652, 85319, 118324, 129715, 104015, 137728, 156787, 144791, 3728, 
183420
89762, 53431, 161358, 17449, 128063, 23399, 42639, 130424, 163663, 159102, 64328, 165642, 152274, 20376, 20890, 38824, 146749, 124073, 145149, 148353, 39577, 141229, 61374, 1498, 168143, 6944, 44644, 13288, 150153, 14528, 41212, 9556, 109012, 105904, 118596, 83964, 10564, 5892, 32956, 121808, 157695, 86711, 119340, 87700, 106434, 83794, 36652, 85319, 129715, 137728, 143272, 105002, 3728, 
181727
89762, 53431, 161358, 17449, 128063, 23399, 42639, 130424, 163664, 159102, 64328, 152274, 166360, 20376, 20890, 38824, 146749, 124073, 145149, 148353, 39577, 141229, 61374, 1498, 168143, 6944, 44644, 13288, 150153, 14528, 41212, 9556, 109012, 105904, 118596, 83964, 10564, 5892, 32956, 121808, 157695, 86711, 119340, 87700, 83794, 106434, 36652, 85319, 129715, 137728, 143272, 105002, 3728, 
181936
89762, 53431, 161358, 17449, 128063, 23399, 42639, 130424, 163664, 159102, 64328, 152274, 166360, 20376, 20890, 38824, 146749, 124073, 145149, 148354, 39577, 141229, 61374, 1498, 168143, 6944, 44644, 13288, 14528, 41212, 9556, 109012, 105904, 118596, 83964, 10564, 5892, 32956, 121808, 157695, 86711, 119340, 87700, 106434, 83794, 36652, 85319, 129715, 143994, 137728, 105002, 3728, 
181439
89762, 53431, 161358, 17449, 120019, 124935, 23399, 42639, 130424, 163664, 64328, 152274, 166360, 20376, 20890, 38824, 148354, 110072, 39577, 61374, 160535, 1498, 8476, 6944, 44644, 13288, 14528, 41212, 105902, 118596, 83964, 10564, 5892, 83744, 32956, 108264, 169611, 87700, 106434, 36652, 85319, 139029, 86408, 104266, 3728, 
178698
89762, 53431, 161358, 17449, 120019, 23399, 124935, 42639, 130424, 163664, 64328, 152274, 166360, 20376, 20890, 38824, 148354, 110072, 39577, 61374, 160535, 1498, 8476, 6944, 44644, 13288, 14528, 41212, 105902, 118596, 83964, 10564, 5892, 83744, 32956, 108264, 169611, 87700, 106434, 36652, 85319, 139029, 86408, 104266, 3728, 
178698
89762, 53431, 161358, 17449, 120019, 23399, 124935, 42639, 130424, 163664, 64328, 152274, 166360, 20376, 20890, 38824, 148354, 110072, 39577, 61374, 160535, 1498, 8476, 6944, 44644, 13288, 14528, 41212, 105902, 118596, 83964, 10564, 5892, 83744, 32956, 108264, 169611, 87700, 106434, 36652, 85319, 139029, 86408, 104266, 3728, 
178698
89762, 53431, 161358, 17449, 23399, 120019, 124935, 42639, 163664, 130424, 64328, 152274, 166360, 20376, 20890, 38824, 148354, 110072, 39577, 61374, 160535, 1498, 8476, 6944, 44644, 13288, 14528, 41212, 105902, 118596, 83964, 10564, 5892, 83744, 32956, 108264, 169611, 87700, 106434, 36652, 85319, 139029, 86408, 104266, 3728, 
178698
89762, 53431, 161358, 23399, 120019, 17449, 124935, 42639, 163664, 130424, 64328, 152274, 166360, 20376, 20890, 38824, 148354, 110072, 39577, 61374, 160535, 1498, 8476, 6944, 44644, 13288, 14528, 41212, 105902, 118596, 83964, 10564, 5892, 83744, 32956, 108264, 169611, 87700, 106434, 36652, 85319, 139029, 86408, 104266, 3728, 
178698
89762, 53431, 161358, 23399, 120019, 17449, 124935, 42639, 163664, 130424, 64328, 152274, 166360, 20376, 20890, 38824, 148354, 110072, 39577, 61374, 160535, 1498, 8476, 6944, 44644, 13288, 14528, 41212, 105902, 118596, 83964, 10564, 5892, 83744, 32956, 108264, 169611, 87700, 106434, 36652, 85319, 139029, 86408, 104266, 3728, 
178698
89762, 53431, 161358, 23399, 120019, 124935, 17449, 42639, 163664, 130424, 64328, 152274, 166360, 20376, 20890, 38824, 148354, 110072, 39577, 61374, 160535, 1498, 8476, 6944, 13288, 44644, 41212, 14528, 105902, 118596, 83964, 10564, 5892, 83744, 32956, 108264, 169611, 87700, 106434, 36652, 85319, 139029, 86408, 104266, 3728, 
178698
89762, 53431, 161358, 23399, 120019, 124935, 17449, 42639, 163664, 130424, 64328, 152274, 166360, 20376, 20890, 38824, 148354, 110072, 39577, 61374, 160535, 1498, 8476, 6944, 13288, 44644, 41212, 14528, 105902, 118596, 83964, 10564, 5892, 83744, 32956, 108264, 169611, 87700, 106434, 36652, 85319, 139029, 86408, 104266, 3728, 
178698
89762, 53431, 161358, 23399, 120019, 124935, 17449, 163664, 42639, 130424, 64328, 152274, 166360, 20376, 20890, 38824, 148354, 110072, 39577, 61374, 160535, 1498, 8476, 6944, 13288, 44644, 41212, 14528, 105902, 118596, 83964, 10564, 5892, 83744, 32956, 108264, 169611, 87700, 106434, 36652, 85319, 139029, 86408, 104266, 3728, 
178698
89762, 53431, 161358, 23399, 120019, 124935, 17449, 163664, 42639, 130424, 64328, 152274, 166360, 20376, 20890, 38824, 148354, 110072, 39577, 61374, 160535, 1498, 8476, 6944, 13288, 44644, 41212, 14528, 105902, 118596, 83964, 10564, 5892, 83744, 32956, 108264, 169611, 87700, 106434, 36652, 85319, 139029, 86408, 104266, 3728, 
178698
87763, 53431, 161358, 23399, 120019, 124935, 17449, 163664, 42639, 64328, 152274, 166360, 20376, 20890, 38824, 148354, 39577, 9132, 21640, 61374, 160535, 33864, 6944, 1392, 44644, 41212, 14528, 105902, 118596, 83964, 10564, 5892, 83744, 32956, 108264, 169609, 106434, 13936, 36652, 85319, 139029, 86408, 104266, 3728, 
182944
87763, 53431, 161358, 23399, 120019, 124935, 17449, 163664, 42639, 64328, 152274, 166360, 20376, 20890, 38824, 148354, 39577, 9132, 21640, 61374, 160535, 33864, 6944, 1392, 44644, 41212, 14528, 105902, 118596, 83964, 10564, 5892, 83744, 32956, 108264, 169609, 106434, 13936, 36652, 85319, 139029, 86408, 104266, 3728, 
182944
87763, 53431, 161358, 23399, 120019, 124935, 17449, 163664, 42639, 64328, 152274, 166360, 20376, 20890, 38824, 148354, 39577, 9132, 21640, 61374, 160535, 33864, 6944, 1392, 44644, 41212, 14528, 105902, 118596, 83964, 10564, 5892, 83744, 32956, 108264, 169609, 106434, 13936, 36652, 85319, 139029, 86408, 104266, 3728, 
182944
87763, 53431, 161358, 23399, 120019, 124935, 17449, 163664, 42639, 64328, 152274, 166360, 20376, 20890, 38824, 148354, 39577, 9132, 21640, 61374, 160535, 33864, 6944, 1392, 44644, 41212, 14528, 105902, 118596, 83964, 10564, 5892, 83744, 32956, 108264, 169609, 106434, 13936, 36652, 85319, 139029, 86408, 104266, 3728, 
182944
87763, 53431, 161358, 23399, 120019, 124935, 17449, 163664, 42639, 64328, 152274, 166360, 20376, 20890, 38824, 148354, 39577, 9132, 21640, 61374, 160535, 33864, 6944, 1392, 44644, 41212, 14528, 105902, 118596, 83964, 10564, 5892, 83744, 32956, 108264, 169609, 106434, 13936, 36652, 85319, 139029, 86408, 104266, 3728, 
182944
87763, 53431, 161358, 23399, 120019, 124935, 17449, 163664, 42639, 64328, 152274, 166360, 20376, 20890, 38824, 148354, 39577, 9132, 21640, 61374, 160535, 33864, 6944, 1392, 44644, 41212, 14528, 105902, 118596, 83964, 10564, 5892, 83744, 32956, 108264, 169609, 106434, 13936, 36652, 85319, 139029, 86408, 104266, 3728, 
182944
87763, 53431, 161358, 23399, 120019, 124935, 17449, 163664, 42639, 152274, 64328, 166360, 20376, 20890, 38824, 148354, 39577, 9132, 21640, 61374, 160535, 33864, 6944, 1392, 44644, 41212, 14528, 105902, 118596, 83964, 10564, 5892, 83744, 32956, 108264, 169609, 106434, 13936, 36652, 85319, 139029, 86408, 104266, 3728, 
182944
87763, 53431, 160004, 23399, 120019, 124935, 17449, 163664, 42639, 152274, 64328, 166360, 20376, 20890, 38824, 148354, 39577, 9132, 21640, 61374, 33864, 118288, 6944, 1392, 44644, 41212, 14528, 105902, 83964, 10564, 5892, 83744, 32956, 108264, 106434, 13936, 36652, 85319, 139029, 86408, 104266, 3728, 
182999
87763, 53431, 160004, 23399, 120019, 124935, 17449, 163664, 42639, 152274, 64328, 166360, 20376, 20890, 38824, 148354, 39577, 9132, 21640, 61374, 33864, 118288, 6944, 1392, 44644, 41212, 14528, 105902, 83964, 10564, 5892, 83744, 32956, 108264, 106434, 13936, 36652, 85319, 139029, 86408, 104266, 3728, 
182999
87763, 53431, 160004, 23399, 120019, 124935, 17449, 163664, 42639, 152274, 64328, 166360, 20376, 20890, 38824, 148354, 39577, 9132, 21640, 61374, 33864, 118288, 6944, 1392, 44644, 41212, 14528, 105902, 83964, 10564, 5892, 83744, 32956, 108264, 106434, 13936, 36652, 85319, 139029, 86408, 104266, 3728, 
182999
87763, 53431, 160004, 23399, 120019, 124935, 17449, 163664, 42639, 152274, 64328, 166360, 20376, 20890, 38824, 148354, 39577, 9132, 21640, 61374, 33864, 118288, 6944, 1392, 44644, 41212, 14528, 105902, 83964, 10564, 5892, 83744, 32956, 108264, 106434, 13936, 36652, 85319, 139029, 86408, 104266, 3728, 
182999
87763, 53431, 160004, 23399, 120019, 124935, 17449, 163664, 42639, 152274, 64328, 166360, 20376, 20890, 38824, 148354, 39577, 9132, 21640, 61374, 33864, 118288, 6944, 1392, 44644, 41212, 14528, 105902, 83964, 10564, 5892, 83744, 32956, 108264, 106434, 13936, 36652, 85319, 139029, 86408, 104266, 3728, 
182999
87763, 53431, 160004, 23399, 120019, 124935, 17449, 163664, 42639, 152274, 64328, 166360, 20376, 20890, 38824, 148354, 39577, 9132, 21640, 61374, 33864, 118288, 6944, 1392, 44644, 41212, 14528, 105902, 83964, 10564, 5892, 83744, 32956, 108264, 106434, 13936, 36652, 85319, 139029, 86408, 104266, 3728, 
182999
87763, 53431, 160004, 23399, 120019, 124935, 17449, 163664, 42639, 152274, 64328, 166360, 20376, 20890, 38824, 148354, 39577, 6725, 21640, 34520, 118288, 61171, 1392, 44644, 41212, 14528, 105902, 83964, 10564, 5892, 32956, 108264, 106434, 13936, 36652, 85319, 139029, 86408, 104266, 3728, 
183183
87763, 53431, 23399, 160004, 120019, 124935, 17449, 163664, 42639, 152274, 64328, 166360, 20376, 20890, 38824, 148354, 39577, 6725, 21640, 34520, 118288, 61171, 1392, 44644, 41212, 14528, 105902, 83964, 10564, 5892, 32956, 108264, 106434, 13936, 36652, 85319, 139029, 86408, 104266, 3728, 
183183
87763, 53431, 23399, 160004, 120019, 124935, 17449, 163664, 42639, 152274, 64328, 166360, 20376, 20890, 38824, 148354, 6725, 39577, 21640, 34520, 118288, 61171, 1392, 44644, 41212, 14528, 105902, 83964, 10564, 5892, 32956, 108264, 106434, 13936, 36652, 85319, 139029, 86408, 104266, 3728, 
183183
87763, 53431, 23399, 160004, 120019, 124935, 17449, 163664, 42639, 152274, 64328, 166360, 20376, 20890, 38824, 148354, 6725, 39577, 21640, 34520, 118288, 61171, 1392, 44644, 41212, 14528, 105902, 83964, 10564, 5892, 32956, 108264, 106434, 13936, 36652, 85319, 139029, 86408, 104266, 3728, 
183183
87763, 53431, 23399, 160004, 120019, 124935, 17449, 163664, 42639, 152274, 64328, 166360, 20376, 20890, 38824, 148354, 6725, 39577, 21640, 34520, 118288, 61171, 1392, 44644, 41212, 14528, 105902, 83964, 10564, 5892, 32956, 108264, 106434, 13936, 36652, 85319, 139029, 86408, 104266, 3728, 
183183
87763, 53431, 23399, 160004, 120019, 124935, 17449, 163664, 42639, 152274, 64328, 166360, 20376, 20890, 38824, 148354, 6725, 39577, 21640, 34520, 118288, 61171, 1392, 44644, 41212, 14528, 105902, 83964, 10564, 5892, 32956, 108264, 106434, 13936, 36652, 85319, 139029, 86408, 104266, 3728, 
183183
87763, 53431, 23399, 160004, 120019, 124935, 17449, 163664, 42639, 152274, 64328, 166360, 20376, 20890, 38824, 148354, 6725, 39577, 21640, 34520, 118288, 61171, 1392, 44644, 41212, 14528, 105902, 83964, 10564, 5892, 32956, 108264, 106434, 13936, 36652, 85319, 139029, 86408, 104266, 3728, 
183183
87763, 53431, 23399, 160004, 120019, 124935, 17449, 163664, 42639, 152274, 64328, 166360, 20376, 20890, 38824, 148354, 6725, 39577, 21640, 34520, 118288, 61171, 1392, 44644, 41212, 14528, 84720, 10564, 5892, 31668, 108264, 106434, 13936, 36652, 85319, 139029, 86408, 104266, 3728, 
183657
87763, 53431, 23399, 160004, 120019, 124935, 17449, 163664, 42639, 152274, 64328, 166360, 20376, 20890, 38824, 148354, 6725, 39577, 21640, 34520, 118288, 61171, 1392, 44644, 41212, 14528, 84720, 10564, 5892, 31668, 108264, 106434, 13936, 36652, 85319, 139029, 86408, 104266, 3728, 
183657
87763, 53431, 23399, 160004, 120019, 124935, 17449, 163664, 42639, 152274, 64328, 166360, 20376, 20890, 38824, 148354, 6725, 39577, 21640, 34520, 118288, 61171, 1392, 44644, 41212, 14528, 84720, 10564, 5892, 31668, 108264, 106434, 13936, 36652, 85319, 139029, 86408, 104266, 3728, 
183657
87763, 53431, 23399, 160004, 120019, 124935, 17449, 163664, 42639, 152274, 64328, 166360, 20376, 20890, 38824, 148354, 6725, 39577, 21640, 34520, 118288, 61171, 1392, 44644, 41212, 14528, 84720, 10564, 5892, 31668, 108264, 106434, 13936, 36652, 85319, 139029, 86408, 104266, 3728, 
183657
87763, 53431, 23399, 160004, 120019, 124935, 17449, 163664, 42639, 152274, 64328, 166360, 20376, 20890, 38824, 148354, 6725, 39577, 21640, 34520, 118288, 61171, 1392, 44644, 41212, 14528, 84720, 10564, 5892, 31668, 108264, 106434, 13936, 36652, 85319, 139029, 86408, 104266, 3728, 
183657
87763, 53431, 23399, 160004, 120019, 124935, 17449, 163664, 42639, 152274, 64328, 166360, 20376, 20890, 38824, 148354, 6725, 39577, 21640, 34520, 118288, 61171, 1392, 44644, 41212, 14528, 84720, 10564, 5892, 31668, 108264, 106434, 13936, 36652, 85319, 139029, 86408, 104266, 3728, 
183657
87763, 53431, 23399, 160004, 120019, 124935, 17449, 163664, 42639, 152274, 64328, 166360, 20376, 20890, 38824, 148354, 6725, 39577, 21640, 34520, 118288, 61171, 1392, 44644, 41212, 14528, 84720, 10564, 5892, 31668, 108264, 106434, 13936, 36652, 85319, 139029, 86408, 104266, 3728, 
183657
87763, 53431, 23399, 160004, 120019, 124935, 17449, 163664, 42639, 152274, 64328, 166360, 20376, 20890, 38824, 148354, 6725, 39577, 21640, 34520, 118288, 61171, 1392, 44644, 41212, 14528, 84720, 10564, 5892, 31668, 108264, 106434, 13936, 36652, 85319, 139029, 86408, 104266, 3728, 
183657
87763, 53431, 23399, 160004, 120019, 124935, 17449, 163664, 42639, 152274, 64328, 166360, 20376, 20890, 38824, 148354, 6725, 39577, 21640, 34520, 118288, 61171, 1392, 44644, 41212, 14528, 84720, 10564, 5892, 31668, 108264, 106434, 13936, 36652, 85319, 139029, 86408, 104266, 3728, 
183657
87763, 53431, 23399, 143947, 120019, 17449, 149798, 42639, 126943, 64328, 163483, 20376, 20890, 38824, 124073, 6725, 39577, 21640, 156585, 33864, 118288, 1392, 148715, 44644, 41212, 61338, 14528, 167543, 84720, 10564, 5892, 83744, 31668, 108264, 106434, 13936, 36652, 85319, 139430, 86408, 104831, 3728, 
203278
87763, 53431, 23399, 143947, 120019, 17449, 149798, 42639, 126943, 64328, 163483, 20376, 20890, 38824, 124073, 6725, 39577, 21640, 156585, 33864, 118288, 1392, 148715, 44644, 41212, 61338, 14528, 167543, 84720, 10564, 5892, 83744, 31668, 108264, 106434, 13936, 36652, 85319, 139430, 86408, 104831, 3728, 
203278
87763, 53431, 23399, 143947, 120019, 17449, 149798, 42639, 126943, 64328, 163483, 20376, 20890, 38824, 124073, 6725, 39577, 21640, 156585, 33864, 118288, 1392, 148715, 44644, 41212, 61338, 14528, 167543, 84720, 10564, 5892, 83744, 108264, 31668, 106434, 13936, 36652, 85319, 139430, 86408, 104831, 3728, 
203278
87763, 53431, 23399, 143947, 120019, 17449, 149798, 42639, 126943, 64328, 163483, 20376, 20890, 38824, 124073, 6725, 39577, 21640, 156585, 33864, 118288, 1392, 148715, 44644, 41212, 61338, 14528, 167543, 84720, 10564, 5892, 83744, 108264, 31668, 106434, 13936, 36652, 85319, 139430, 86408, 104831, 3728, 
203278
87763, 53431, 23399, 143947, 120019, 17449, 149798, 42639, 126943, 64328, 163483, 20376, 20890, 38824, 124073, 6725, 39577, 21640, 156585, 33864, 118288, 1392, 148715, 44644, 41212, 61338, 14528, 167543, 84720, 10564, 5892, 83744, 108264, 31668, 106434, 13936, 36652, 85319, 139430, 86408, 104831, 3728, 
203278
87763, 53431, 23399, 143947, 120019, 17449, 149798, 42639, 126943, 64328, 163483, 20376, 20890, 38824, 124073, 6725, 39577, 21640, 156585, 33864, 118288, 1392, 148715, 44644, 41212, 61338, 14528, 167543, 84720, 10564, 5892, 83744, 108264, 31668, 106434, 13936, 36652, 85319, 139430, 86408, 104831, 3728, 
203278
87763, 53431, 23399, 143947, 120019, 17449, 149798, 42639, 126943, 64328, 163483, 20376, 20890, 38824, 124073, 6725, 39577, 21640, 156585, 33864, 118288, 1392, 148715, 44644, 41212, 61338, 14528, 167543, 84720, 10564, 5892, 83744, 108264, 31668, 106434, 13936, 36652, 85319, 139430, 86408, 104831, 3728, 
203278
87763, 53431, 23399, 143947, 120019, 149798, 17449, 42639, 126943, 64328, 163483, 20376, 20890, 38824, 124073, 6725, 39577, 21640, 156585, 33864, 118288, 1392, 148715, 44644, 41212, 61338, 14528, 167543, 84720, 10564, 5892, 83744, 108264, 31668, 106434, 13936, 36652, 85319, 139430, 86408, 104831, 3728, 
203278
87763, 53431, 23399, 143947, 120019, 149798, 17449, 42639, 126943, 64328, 163483, 20376, 20890, 38824, 124073, 6725, 39577, 21640, 156585, 33864, 118288, 1392, 148715, 44644, 41212, 61338, 14528, 167543, 84720, 10564, 5892, 83744, 108264, 31668, 106434, 13936, 36652, 85319, 139430, 86408, 104831, 3728, 
203278
Score = 40.69728919901359
